Session Name	
Well	Sample Name	Detector	Task	Ct	Avg Ct	Ct SD	Delta Ct	Qty	Avg Qty	Qty SD
0	Agua	ORF1ab	Target	40.0						
Rn values	5.2778935	5.280504	5.2740984	5.269397	5.2793174	5.2871404	5.2878532	5.2894907	5.292232	5.2908	5.284521	5.287116	5.275706	5.2766657	5.3023715	5.3065715	5.2939506	5.295606	5.2960086	5.2926583	5.2910485	5.280865	5.284246	5.2843204	5.2797384	5.283903	5.284619	5.2809186	5.2863994	5.2876573	5.2805295	5.279345	5.281365	5.279249	5.283112	5.2850423	5.282159	5.286571	5.284222	5.287436
Delta Rn values	-0.008802516	-0.0061365096	-0.012487017	-0.017133309	-0.007157387	7.2092656E-4	0.0014891215	0.0031819036	0.005978564	0.004601945	-0.001621723	0.0010285482	-0.010326365	-0.009311168	0.01644997	0.020705275	0.008139673	0.009850575	0.010308349	0.0070134136	0.0054589347	-0.0046690763	-0.0012329773	-0.0011032672	-0.005629872	-0.001409853	-6.3879695E-4	-0.00428373	0.0012523598	0.0025655795	-0.004506859	-0.005635999	-0.0035607934	-0.0056211962	-0.0017030152	2.8254502E-4	-0.0025455658	0.0019219317	-3.716447E-4	0.002897561
DDCT Values	0		Agua	ORF1ab	Target	40.0									false	
0	Agua	RNAsaP	Target	40.0						
Rn values	0.6095734	0.61071074	0.60998964	0.61091477	0.6142299	0.61657447	0.6172049	0.61846673	0.6241092	0.6265488	0.6277917	0.62951714	0.6294122	0.6300249	0.6341733	0.63662547	0.63570577	0.63672173	0.638282	0.6397659	0.6412264	0.6434756	0.6448765	0.6445909	0.64456993	0.6457859	0.64581245	0.6454843	0.6482358	0.6493631	0.64854074	0.64860207	0.6495638	0.65020984	0.6498914	0.6494516	0.65056914	0.65348303	0.6531678	0.6533035
Delta Rn values	-0.0049007013	-0.004908542	-0.006774796	-0.0069948295	-0.004824836	-0.0036254444	-0.0041401633	-0.00402349	4.7382675E-4	0.0017682877	0.0018660068	0.002446285	0.001196164	6.6374266E-4	0.0036669497	0.004973987	0.0029091304	0.0027799346	0.0031950483	0.0035338085	0.0038491439	0.004953168	0.005208899	0.003778176	0.002612038	0.0026828754	0.0015642423	9.096168E-5	0.0016972742	0.0016794198	-2.8810263E-4	-0.0013719265	-0.0015553627	-0.002054465	-0.0035180897	-0.0051030098	-0.0051306393	-0.0033619043	-0.0048223105	-0.005831748
DDCT Values	0		Agua	RNAsaP	Target	40.0									false	
1	Agua	S	Target	40.0						
Rn values	3.821466	3.8249147	3.8367212	3.8389301	3.840084	3.849352	3.8543742	3.8515701	3.8572485	3.855672	3.853149	3.8487651	3.8414836	3.8466117	3.8526683	3.8515842	3.8471951	3.8488073	3.8414173	3.8390293	3.842492	3.8361993	3.8348079	3.8336513	3.8345013	3.8392653	3.8351202	3.833501	3.8350039	3.8299096	3.83039	3.829414	3.8341146	3.837502	3.8385122	3.835763	3.8423538	3.8471532	3.845779	3.8379138
Delta Rn values	-0.028281363	-0.024439996	-0.012240867	-0.009639277	-0.008092689	0.0015677596	0.006982689	0.0045712893	0.010642346	0.009458326	0.0073280223	0.0033368617	-0.0035520385	0.0019687484	0.008417937	0.0077264896	0.0037300838	0.005734912	-0.0012624685	-0.0032578274	5.9760583E-4	-0.0053025726	-0.0063013416	-0.0070652682	-0.0058226646	-6.659427E-4	-0.004418446	-0.0056449054	-0.0037495112	-0.008451159	-0.0075781043	-0.0081615485	-0.0030682457	7.118472E-4	0.0021146685	-2.4189446E-4	0.0067415903	0.011933598	0.010951995	0.0034794463
DDCT Values	1		Agua	S	Target	40.0									false	
1	Agua	RNAsaP	Target	40.0						
Rn values	0.6347707	0.6358993	0.6385028	0.64209336	0.6461738	0.6490144	0.65115756	0.652713	0.6546732	0.6564996	0.6604689	0.6631979	0.66433954	0.66680634	0.6685962	0.6708493	0.67184186	0.6731286	0.674576	0.67696214	0.67820215	0.6782078	0.68020713	0.68019605	0.6814592	0.6821983	0.68374074	0.68455553	0.68539625	0.6861887	0.68623906	0.68605804	0.68809396	0.6900897	0.69056475	0.690819	0.69293314	0.6939702	0.6961047	0.696891
Delta Rn values	-0.010042061	-0.010344187	-0.009171454	-0.00701161	-0.0043619345	-0.0029520355	-0.00223963	-0.0021149267	-0.001585448	-0.0011897818	0.001348731	0.0026469904	0.0023579185	0.003393977	0.0037531056	0.0045754816	0.0041372785	0.0039932844	0.004009925	0.0049653384	0.004774614	0.003349537	0.0039181164	0.0024762906	0.002308693	0.0016170513	0.001728761	0.0011128172	5.228014E-4	-1.15494135E-4	-0.0014958675	-0.003107626	-0.0025024496	-0.0019374465	-0.0028931368	-0.0040696026	-0.0033862249	-0.0037799028	-0.0030761403	-0.003720575
DDCT Values	1		Agua	RNAsaP	Target	40.0									false	
2	Agua	N	Target	40.0						
Rn values	1.5599451	1.5638192	1.5742829	1.5816303	1.59255	1.5980763	1.5974122	1.6030912	1.605254	1.6118776	1.6122763	1.6120183	1.6130078	1.6133473	1.6161577	1.6161655	1.6187649	1.6195413	1.6166519	1.6153089	1.6223844	1.6257432	1.6247952	1.6281878	1.6272093	1.6249532	1.6246294	1.6286461	1.629982	1.6317356	1.6316651	1.6285462	1.6287569	1.6328465	1.6325203	1.6324443	1.6307242	1.6305523	1.632175	1.6355531
Delta Rn values	-0.033684593	-0.031028923	-0.021783603	-0.015654534	-0.0059532397	-0.0016453309	-0.0035278413	9.327748E-4	0.0018771936	0.007282305	0.0064626643	0.0049863	0.004757342	0.003878455	0.0054704184	0.004259891	0.005640854	0.005198869	0.0010910789	-0.0014703283	0.0043868246	0.006527151	0.0043608034	0.0065349853	0.00433812	8.635697E-4	-6.785981E-4	0.0021197635	0.0022372275	0.0027724009	0.0014835529	-0.002853715	-0.0038614676	-9.902691E-4	-0.0025348212	-0.003829272	-0.006767738	-0.008158033	-0.0077537517	-0.005593994
DDCT Values	2		Agua	N	Target	40.0									false	
2	Agua	RNAsaP	Target	40.0						
Rn values	0.60765034	0.6090056	0.61117464	0.6136411	0.6152282	0.6177054	0.6195192	0.6232489	0.62694687	0.62795866	0.6293348	0.6324638	0.6355391	0.63804334	0.63884735	0.63942975	0.6421089	0.6433241	0.64491177	0.64540714	0.64746594	0.65014535	0.65066683	0.65124017	0.65238255	0.65270436	0.6548688	0.6562292	0.6577022	0.65875715	0.65980387	0.659355	0.6601934	0.662611	0.663972	0.6639065	0.66367066	0.6649651	0.66494995	0.6653442
Delta Rn values	-0.006925082	-0.0070578675	-0.006376812	-0.0053983885	-0.005299312	-0.0043101003	-0.003984348	-0.0017426634	4.6731118E-4	-8.916731E-6	-1.2078145E-4	0.0015202073	0.003107492	0.004123705	0.003439695	0.0025340754	0.003725228	0.0034523709	0.003552043	0.0025594006	0.0031301877	0.004321579	0.003355043	0.0024403634	0.002094729	9.285179E-4	0.0016049246	0.0014773243	0.0014623171	0.0010292429	5.879433E-4	-0.001348956	-0.0019985738	-0.0010689666	-0.0011959709	-0.002749493	-0.0044733654	-0.004666948	-0.0061701047	-0.007263896
DDCT Values	2		Agua	RNAsaP	Target	40.0									false	
12	Agua	RNAsaP	Target	40.0						
Rn values	0.6260901	0.6261338	0.6283145	0.63051224	0.63244843	0.63439804	0.6366194	0.63832337	0.6410103	0.64109755	0.6425689	0.64694875	0.6482102	0.6503983	0.6517187	0.6529372	0.6535689	0.6538557	0.65592176	0.6581397	0.6595495	0.66074777	0.662326	0.6623984	0.6624023	0.6631862	0.6656715	0.6658302	0.66676193	0.6677385	0.669851	0.671103	0.6703605	0.67116	0.6720621	0.67016214	0.6697614	0.67173725	0.67321545	0.6735327
Delta Rn values	-0.0053970534	-0.0065803793	-0.0056267	-0.0046559735	-0.003946793	-0.0032242003	-0.0022298708	-0.0017529093	-2.930077E-4	-0.0014327627	-0.0011884382	0.0019644143	0.0019988706	0.002959941	0.003053287	0.0030447685	0.002449502	0.0015092437	0.0023483033	0.0033392357	0.0035219886	0.003493264	0.0038444598	0.0026898633	0.0014667213	0.0010236255	0.0022819443	0.0012135955	9.1831916E-4	6.678655E-4	0.0015533571	0.0015783366	-3.911747E-4	-8.1871374E-4	-0.0011436136	-0.0042705876	-0.0058983257	-0.0051495074	-0.0048983283	-0.005808069
DDCT Values	12		Agua	RNAsaP	Target	40.0									false	
12	Agua	ORF1ab	Target	40.0						
Rn values	5.37874	5.3703065	5.375142	5.388119	5.3901396	5.391549	5.39548	5.390193	5.3894176	5.3908734	5.389418	5.3883862	5.3948855	5.397206	5.3871975	5.37996	5.385715	5.389859	5.385639	5.3829894	5.3884864	5.3832583	5.3849554	5.387119	5.3861203	5.3839226	5.381244	5.379039	5.380358	5.3825035	5.384404	5.3784037	5.369606	5.3735614	5.3812256	5.379314	5.380507	5.3749638	5.370181	5.3676353
Delta Rn values	-0.014209466	-0.022213375	-0.016948337	-0.00354178	-0.0010919876	7.4697623E-4	0.005107455	2.4971785E-4	-9.618613E-5	0.001789031	7.631572E-4	1.6071482E-4	0.0070894384	0.009839161	2.602595E-4	-0.0065477416	-3.6336077E-4	0.0042102644	4.196886E-4	-0.0018006623	0.0041257497	-6.728596E-4	0.001453637	0.0040464806	0.0034774167	0.0017091075	-5.398536E-4	-0.0023157923	-5.669506E-4	0.0020077731	0.0043378794	-0.0012332064	-0.009601419	-0.0052166213	0.0028770156	0.0013948088	0.0030172886	-0.0020965103	-0.006449754	-0.008566154
DDCT Values	12		Agua	ORF1ab	Target	40.0									false	
13	Agua	S	Target	40.0						
Rn values	3.8075504	3.8148565	3.8226008	3.8292716	3.83591	3.8343487	3.8397284	3.8366175	3.8380864	3.8420339	3.8403108	3.8422973	3.842502	3.8406746	3.839239	3.8333066	3.832244	3.8286083	3.8287807	3.8305147	3.831985	3.8315344	3.8294766	3.828166	3.8238263	3.828913	3.8316793	3.834199	3.8296504	3.8284626	3.8335388	3.8326204	3.8324351	3.829474	3.8260827	3.833695	3.8386505	3.840242	3.8468428	3.8487089
Delta Rn values	-0.027325774	-0.019963093	-0.012162198	-0.0054349024	0.0012602069	-2.4461406E-4	0.005191645	0.0021373418	0.003662821	0.0076669	0.006000431	0.008043516	0.0083049005	0.0065340046	0.00515483	-7.2091864E-4	-0.001726968	-0.0053060306	-0.0050770715	-0.0032864711	-0.0017595614	-0.00215359	-0.0041547986	-0.005408803	-0.0096919155	-0.004548673	-0.0017257201	8.504697E-4	-0.0036414976	-0.0047727167	3.6003557E-4	-5.0177047E-4	-6.3043943E-4	-0.003535016	-0.0068696993	7.9911127E-4	0.0058112238	0.00745925	0.01411669	0.016039373
DDCT Values	13		Agua	S	Target	40.0									false	
13	Agua	RNAsaP	Target	40.0						
Rn values	0.63913757	0.64056224	0.64314467	0.64402527	0.6458371	0.64961785	0.65300435	0.65432864	0.65840626	0.66100407	0.66266507	0.6655386	0.6673876	0.66879874	0.67041415	0.67207396	0.67420745	0.6745493	0.6770703	0.67843556	0.6793879	0.6811107	0.6815888	0.6832193	0.68416387	0.6851554	0.6877257	0.6882119	0.6889705	0.68973565	0.69053537	0.69132304	0.69396466	0.6943944	0.6940612	0.69570744	0.69675046	0.69762814	0.69920087	0.70045614
Delta Rn values	-0.007136158	-0.007213132	-0.006132345	-0.00675339	-0.006443172	-0.0041640936	-0.0022792402	-0.0024565882	1.1938107E-4	0.0012155458	0.0013749044	0.0027468002	0.0030941518	0.0030036478	0.0031174088	0.0032755753	0.0039074197	0.0027476083	0.0037670024	0.0036306027	0.0030813217	0.0033024307	0.0022789352	0.0024077762	0.0018506869	0.0013405661	0.002409253	0.0013938041	6.507483E-4	-8.575091E-5	-7.8767946E-4	-0.0015016481	-3.6167394E-4	-0.0014335685	-0.0032684025	-0.0031238259	-0.0035824482	-0.004206414	-0.0041353297	-0.0043817
DDCT Values	13		Agua	RNAsaP	Target	40.0									false	
14	Agua	N	Target	40.0						
Rn values	1.5116842	1.5174162	1.5262169	1.5335915	1.5444103	1.5450307	1.5464767	1.5495596	1.5494817	1.5524223	1.5595623	1.5598556	1.5588355	1.5573666	1.5592971	1.5603341	1.5614519	1.5602379	1.5601249	1.558938	1.5584036	1.5599097	1.5615537	1.5614219	1.5628788	1.5641607	1.5664543	1.5678123	1.5653291	1.5642998	1.5623308	1.5629542	1.5674714	1.5675673	1.5682373	1.5681969	1.5688951	1.5672346	1.5677171	1.5764843
Delta Rn values	-0.031970393	-0.026996175	-0.018953392	-0.012336589	-0.0022755929	-0.00241307	-0.0017249036	6.0012564E-4	-2.3556026E-4	0.0019471331	0.008329331	0.0078647435	0.0060868277	0.0038600885	0.0050327214	0.005311881	0.0056718644	0.0036999946	0.0028291421	8.8445214E-4	-4.0780532E-4	3.4044264E-4	0.0012266157	3.36928E-4	0.0010360617	0.001560077	0.0030958215	0.0036960116	4.5492058E-4	-0.0013321746	-0.0040589967	-0.0041934936	-4.341382E-4	-0.001096017	-0.001183903	-0.0019821571	-0.0020417906	-0.004460099	-0.004735501	0.0032739039
DDCT Values	14		Agua	N	Target	40.0									false	
14	Agua	RNAsaP	Target	40.0						
Rn values	0.5919111	0.5926961	0.5940924	0.5965602	0.59914637	0.60158205	0.60545087	0.60820496	0.6098826	0.61294866	0.6146455	0.6167664	0.6192143	0.6200366	0.6219108	0.6242669	0.6258838	0.6266869	0.6287171	0.6293321	0.63054746	0.63190025	0.6335169	0.6355903	0.6376862	0.63847494	0.6391451	0.63977736	0.6403436	0.6418925	0.6421866	0.6438083	0.6454937	0.6458308	0.64554626	0.64768374	0.64805317	0.64947706	0.65066147	0.650846
Delta Rn values	-0.006506934	-0.007210424	-0.0073025497	-0.0063232817	-0.0052255793	-0.0042783786	-0.0018980439	-6.324352E-4	-4.4328644E-4	0.0011342929	0.0013426344	0.001975063	0.0029344826	0.0022683046	0.0026540295	0.003521658	0.0036500697	0.0029646396	0.0035064095	0.0026329265	0.0023597816	0.0022240852	0.0023522584	0.002937182	0.0035445767	0.0028448412	0.0020264927	0.0011702953	2.480559E-4	3.0845866E-4	-8.8593556E-4	-7.5269595E-4	-5.557986E-4	-0.0017071583	-0.0034801944	-0.0028311957	-0.00395025	-0.004014838	-0.0043189176	-0.005622865
DDCT Values	14		Agua	RNAsaP	Target	40.0									false	
24	ControlPos	ORF1ab	Target	27.42105	27.699512	0.393808				
Rn values	5.594046	5.596534	5.6012516	5.6101227	5.61859	5.6303005	5.6458306	5.6487093	5.640187	5.6450286	5.647431	5.6469884	5.644766	5.64316	5.635421	5.6299324	5.633657	5.6340895	5.634859	5.6452246	5.6580048	5.664905	5.7026157	5.7758107	5.905553	6.147265	6.6147423	7.41636	8.655561	10.25864	12.042054	13.796704	15.376702	16.60981	17.547874	18.214937	18.694443	19.016117	19.264452	19.3915
Delta Rn values	-0.02896264	-0.027646597	-0.024100387	-0.016400926	-0.009105346	0.001433681	0.015792174	0.017499223	0.007805095	0.011475283	0.0127059715	0.01109185	0.0076976945	0.00492009	-0.0039905943	-0.010650607	-0.008097649	-0.008836774	-0.009238776	-4.490684E-5	0.011563666	0.01729236	0.05383141	0.12585478	0.2544253	0.4949658	0.96127146	1.7617174	2.9997475	4.6016545	6.383897	8.137376	9.716202	10.948137	11.885031	12.550921	13.029256	13.349758	13.596922	13.722798
DDCT Values	24		ControlPos	ORF1ab	Target	27.42105									false	
24	ControlPos	RNAsaP	Target	40.0						
Rn values	0.6396689	0.639497	0.6401337	0.6434659	0.64585644	0.64820945	0.65178025	0.6549286	0.65555185	0.6590864	0.6626546	0.66399574	0.665486	0.6660253	0.6667251	0.6686201	0.66963136	0.67201775	0.6753876	0.67673975	0.6777325	0.67797464	0.6793702	0.6809082	0.68184346	0.6813299	0.6808479	0.6793652	0.67798746	0.6748288	0.67137873	0.66828305	0.6663716	0.6640667	0.6647061	0.664438	0.6625324	0.6626216	0.6627832	0.6622168
Delta Rn values	-0.015659798	-0.016397243	-0.016326094	-0.013559442	-0.011734425	-0.009946959	-0.0069417106	-0.00435888	-0.0043012006	-0.0013321916	0.0016704343	0.002446052	0.0033707407	0.003344497	0.0034787685	0.004808232	0.005253938	0.0070747826	0.009879104	0.010665689	0.011092917	0.010769485	0.011599521	0.012571953	0.012941663	0.011862563	0.010814994	0.008766782	0.006823474	0.0030992986	-9.1634365E-4	-0.0045775766	-0.0070545846	-0.009925042	-0.00985115	-0.0106847985	-0.013155965	-0.013632284	-0.014036242	-0.015168211
DDCT Values	24		ControlPos	RNAsaP	Target	40.0									false	
25	ControlPos	S	Target	27.56705	27.570213	0.004470938				
Rn values	3.7604473	3.7639675	3.7747939	3.777588	3.7919767	3.791267	3.7948117	3.7906396	3.789359	3.7935684	3.797199	3.7955701	3.7952538	3.7954562	3.7930205	3.791784	3.7922804	3.7943628	3.7988033	3.8025134	3.806094	3.8202713	3.858084	3.9229598	4.0458016	4.2923627	4.7494006	5.518457	6.6683044	8.1354685	9.7510395	11.32246	12.7207775	13.878382	14.786416	15.46251	15.923395	16.217161	16.41537	16.522644
Delta Rn values	-0.022524443	-0.019886505	-0.009942467	-0.008030753	0.0054757353	0.003883651	0.0065461462	0.0014917476	-6.7111076E-4	0.0026558572	0.005404183	0.0028929953	0.0016943017	0.001014407	-0.0023035894	-0.00442234	-0.004808265	-0.003608229	-4.9995153E-5	0.0027777243	0.0054759826	0.018770993	0.05570139	0.11969492	0.24165444	0.48733318	0.9434888	1.7116628	2.860628	4.3269095	5.9415984	7.512137	8.909572	10.066294	10.973446	11.648658	12.10866	12.401544	12.598871	12.705262
DDCT Values	25		ControlPos	S	Target	27.56705									false	
25	ControlPos	RNAsaP	Target	40.0						
Rn values	0.6200245	0.6206057	0.625229	0.62752265	0.6301938	0.63245606	0.6356073	0.63805014	0.64058155	0.643335	0.64463294	0.64723235	0.6494953	0.6504459	0.6527484	0.6532437	0.65473163	0.65797305	0.6591399	0.6605769	0.66172725	0.6618262	0.66384447	0.66505486	0.665534	0.6663115	0.66608834	0.6659862	0.6668029	0.6674904	0.66654634	0.66608447	0.665525	0.6639616	0.6628826	0.663823	0.6645968	0.66413176	0.6644008	0.66490906
Delta Rn values	-0.013727419	-0.014209718	-0.010649929	-0.009419787	-0.0078121084	-0.0066133775	-0.004525644	-0.003146311	-0.0016784058	1.1526688E-5	2.4597338E-4	0.0017818875	0.0029813335	0.0028684041	0.004107428	0.0035392381	0.003963645	0.0061415606	0.0062448774	0.0066183815	0.006705247	0.005740687	0.0066954554	0.006842343	0.0062580006	0.00597198	0.004685316	0.0035196494	0.0032728482	0.0028968838	8.8930177E-4	-6.3607865E-4	-0.0022590319	-0.004885966	-0.007028433	-0.007151555	-0.007441271	-0.008969811	-0.00976426	-0.010319514
DDCT Values	25		ControlPos	RNAsaP	Target	40.0									false	
26	ControlPos	RNAsaP	Target	40.0	36.90654					
Rn values	0.5930995	0.5940785	0.59599036	0.5991234	0.6014888	0.6031794	0.6062687	0.61036915	0.61239153	0.6140674	0.6153529	0.617295	0.61860687	0.6215946	0.6238048	0.6252474	0.62671053	0.62802154	0.6294833	0.63089955	0.6324811	0.63357675	0.6346881	0.6346997	0.63672614	0.6373926	0.6373254	0.6376002	0.6372808	0.63717	0.6365191	0.6359118	0.6351694	0.63519174	0.63593787	0.6365795	0.63557595	0.63551366	0.63541204	0.6367616
Delta Rn values	-0.011558577	-0.011644841	-0.010798232	-0.008730442	-0.007430301	-0.0068050036	-0.004780964	-0.0017457913	-7.8867486E-4	-1.7809984E-4	4.218395E-5	9.190129E-4	0.0011655823	0.0030880556	0.0042329864	0.0046103285	0.005008174	0.005253909	0.0056503844	0.006001381	0.0065176617	0.006548045	0.006594104	0.005540458	0.0065016276	0.006102798	0.0049703545	0.004179863	0.0027952318	0.0016191575	-9.705406E-5	-0.0017695754	-0.00357728	-0.004620197	-0.004939336	-0.005362961	-0.0074317935	-0.00855935	-0.009726245	-0.009441946
DDCT Values	26		ControlPos	RNAsaP	Target	40.0									false	
26	ControlPos	N	Target	26.17266	26.214184	0.05872371				
Rn values	1.5419911	1.5464083	1.5536758	1.5638313	1.5731106	1.5812827	1.5814232	1.5858314	1.5899863	1.5882258	1.589957	1.5884417	1.5879047	1.5890477	1.5925174	1.5948861	1.5969824	1.6007823	1.6079383	1.6209922	1.6456804	1.6865659	1.7662696	1.9172438	2.1878731	2.6259005	3.257353	4.0887356	5.0637755	6.1203604	7.1795816	8.219405	9.21253	10.115672	10.9436245	11.696902	12.350461	12.931915	13.426577	13.800529
Delta Rn values	-0.021375507	-0.019221619	-0.014217435	-0.0063251685	6.9079065E-4	0.0065996535	0.00447679	0.0066217384	0.008513368	0.0044895927	0.0039574583	1.788972E-4	-0.0026214325	-0.0037417456	-0.0025353318	-0.002429935	-0.0025969315	-0.001060308	0.0038324147	0.014623017	0.037047967	0.07567012	0.15311052	0.3018215	0.5701875	1.0059516	1.6351409	2.46426	3.4370368	4.4913583	5.5483165	6.5858765	7.5767384	8.477617	9.303306	10.05432	10.705616	11.284807	11.7772045	12.148893
DDCT Values	26		ControlPos	N	Target	26.17266									false	
36	ControlPos	ORF1ab	Target	27.977978	27.699512	0.393808				
Rn values	5.3948855	5.3904257	5.3999085	5.4031076	5.405493	5.409267	5.4168463	5.416241	5.4158626	5.4206223	5.4243298	5.421052	5.4216857	5.4184356	5.417464	5.4145417	5.4136333	5.413536	5.4094105	5.4134617	5.4232388	5.438681	5.454532	5.4984345	5.5881176	5.757482	6.0880404	6.6816306	7.610926	8.8902	10.380441	11.877975	13.2281475	14.338538	15.187417	15.831177	16.296785	16.612299	16.820248	16.946814
Delta Rn values	-0.0140944645	-0.019047752	-0.010058322	-0.0073526516	-0.005460942	-0.0021802061	0.0049056904	0.0038071543	0.0029351155	0.007201474	0.0104154525	0.0066442443	0.006784531	0.0030409787	0.0015757546	-0.0018397336	-0.0032415383	-0.0038322432	-0.008451268	-0.0048934896	0.0043901494	0.01933909	0.034696683	0.07810565	0.16729528	0.3361663	0.66623116	1.259328	2.1881301	3.4669101	4.956658	6.453699	7.8033776	8.913275	9.761661	10.404926	10.870042	11.185062	11.392517	11.51859
DDCT Values	36		ControlPos	ORF1ab	Target	27.977978									false	
36	ControlPos	RNAsaP	Target	40.0						
Rn values	0.6108845	0.6120081	0.61520374	0.61877763	0.6211417	0.6226333	0.62619984	0.62820953	0.63082105	0.633587	0.6355864	0.6371499	0.63872313	0.64027005	0.64267606	0.6437919	0.6446309	0.6473381	0.6488599	0.6511171	0.65210724	0.6525873	0.6534351	0.6546713	0.65631443	0.657681	0.6582894	0.6577904	0.65626174	0.65408134	0.6523616	0.6507128	0.64972806	0.6489052	0.6476889	0.6464274	0.6463	0.64733034	0.64813954	0.64840925
Delta Rn values	-0.015533302	-0.015274657	-0.012943976	-0.010235043	-0.008735966	-0.008109322	-0.0054077213	-0.0042629936	-0.0025164383	-6.154469E-4	5.189691E-4	0.0012174962	0.0019257986	0.0026077556	0.0041487943	0.004399691	0.0043737236	0.0062159444	0.006872808	0.008265014	0.008390204	0.008005298	0.007988152	0.00835939	0.009137549	0.009639143	0.009382565	0.008018652	0.0056250095	0.00257965	-5.0852173E-6	-0.002518831	-0.0043685217	-0.006056326	-0.008137581	-0.010264075	-0.011256413	-0.011091049	-0.011146818	-0.01174207
DDCT Values	36		ControlPos	RNAsaP	Target	40.0									false	
37	ControlPos	S	Target	27.573374	27.570213	0.004470938				
Rn values	3.7502575	3.7492096	3.7531822	3.75703	3.7663386	3.7670505	3.7702854	3.7712595	3.7690454	3.7678812	3.7699416	3.7731106	3.7694445	3.7680101	3.764424	3.7646685	3.7669325	3.7700372	3.7773566	3.778014	3.7836769	3.797018	3.830889	3.897516	4.0277896	4.276286	4.7205796	5.4819207	6.649532	8.146811	9.805266	11.426626	12.86874	14.088041	15.02434	15.708529	16.187387	16.504955	16.717495	16.861006
Delta Rn values	-0.0103953	-0.012142948	-0.008870217	-0.0057221786	0.002886599	0.0028987178	0.005433782	0.005708161	0.0027941687	9.301715E-4	0.0022907858	0.0047600465	3.9408475E-4	-0.0017400405	-0.0060258936	-0.0064813136	-0.00491709	-0.0025122024	0.0041074487	0.0040649697	0.009028089	0.021669477	0.054840613	0.12076784	0.25034162	0.49813837	0.94173205	1.7023734	2.8692846	4.365864	6.0236197	7.6442795	9.085693	10.304296	11.239894	11.923384	12.401542	12.71841	12.93025	13.073061
DDCT Values	37		ControlPos	S	Target	27.573374									false	
37	ControlPos	RNAsaP	Target	40.0						
Rn values	0.6397323	0.6403455	0.64149195	0.64512664	0.64778495	0.65041643	0.65363586	0.6564154	0.6579157	0.66059333	0.6629495	0.6660002	0.6674912	0.6696079	0.67174363	0.6752307	0.67676514	0.6786062	0.6790757	0.68040425	0.6821568	0.68301094	0.68422747	0.6860016	0.68695045	0.6888244	0.6892992	0.68984914	0.69193584	0.6916958	0.691798	0.6920177	0.6928991	0.6937366	0.6950199	0.6956748	0.69714767	0.6979788	0.6998854	0.70109224
Delta Rn values	-0.0077422205	-0.008635504	-0.008995565	-0.0068673687	-0.0057155574	-0.0045905677	-0.002877638	-0.0016045904	-0.0016107778	-4.3965425E-4	4.1002146E-4	0.0019542105	0.0019387248	0.002548909	0.0031781667	0.0051587215	0.005186687	0.0055212597	0.00448427	0.0043063015	0.004552361	0.0039	0.0036100347	0.003877671	0.0033200216	0.0036874956	0.0026558102	0.0016992268	0.00227943	5.329061E-4	-8.714275E-4	-0.0021582206	-0.0027832831	-0.003452274	-0.003675482	-0.0045271018	-0.004560707	-0.005236076	-0.0048359386	-0.005135619
DDCT Values	37		ControlPos	RNAsaP	Target	40.0									false	
38	ControlPos	N	Target	26.255709	26.214184	0.05872371	-10.650831			
Rn values	1.4809809	1.4850291	1.4965698	1.503188	1.51201	1.5161791	1.5177366	1.5183524	1.5185575	1.5189611	1.5229015	1.5259613	1.5293156	1.529188	1.5313091	1.5316496	1.5313649	1.5322517	1.5390024	1.5520688	1.573015	1.6177715	1.6980973	1.8410654	2.0937915	2.5152214	3.1331336	3.949468	4.919906	5.978523	7.058984	8.118252	9.118403	10.056469	10.916074	11.676432	12.351658	12.960096	13.479801	13.87716
Delta Rn values	-0.020221164	-0.018253619	-0.008793648	-0.0042560687	0.0024852143	0.0045736395	0.004050427	0.002585581	7.100589E-4	-9.6709904E-4	8.9268264E-4	0.001871746	0.0031453758	9.371403E-4	9.775498E-4	-7.6266984E-4	-0.0031280231	-0.0043219067	3.4811496E-4	0.011333845	0.030199308	0.07287516	0.15112032	0.29200768	0.5426531	0.9620023	1.5778339	2.3920875	3.360445	4.4169807	5.4953613	6.5525484	7.5506196	8.486605	9.344129	10.102406	10.775551	11.381909	11.899533	12.294811
DDCT Values	38		ControlPos	N	Target	26.255709	-10.650831								false	
38	ControlPos	RNAsaP	Target	36.90654	36.90654					
Rn values	0.60462946	0.60529876	0.6066966	0.60827094	0.61264455	0.6151934	0.6174836	0.6194447	0.62199646	0.624098	0.6271127	0.6285032	0.6314369	0.6337203	0.6353191	0.6373775	0.6385832	0.6395604	0.6407226	0.6425467	0.64364654	0.64558166	0.6475442	0.64911366	0.65010715	0.65052414	0.6503238	0.65093017	0.652028	0.65320396	0.6539301	0.6565568	0.6573807	0.6611791	0.66853297	0.6833838	0.71074635	0.76034236	0.84074074	0.93377274
Delta Rn values	-0.004616496	-0.005566643	-0.005788242	-0.0058333515	-0.0030791888	-0.0021497626	-0.0014790205	-0.0011373556	-2.0506833E-4	2.7702507E-4	0.0016722616	0.0014433312	0.0027575651	0.0034215122	0.0034009	0.0038398397	0.0034260752	0.002783846	0.0023265705	0.0025312637	0.0020116414	0.0023273188	0.002670414	0.0026204167	0.00199446	7.9200673E-4	-0.0010277716	-0.0020408607	-0.00256245	-0.0030059572	-0.0038992409	-0.0028920306	-0.003687563	-0.0015085847	0.0042258105	0.017457219	0.043200295	0.09117686	0.16995579	0.26136836
DDCT Values	38		ControlPos	RNAsaP	Target	36.90654									false	
